                       220
         120                        300  
  100            150          260         400
80   110   130      200    250   270   350
              140

remove 400
                       220
         120                        300  
  100            150          260         350
80   110   130      200    250   270
              140

remove 140
                       220
         120                        300  
  100            150          260         350
80   110   130      200    250   270

remove 120
                       220
         130                        300  
  100            150          260         350
80   110            200    250   270

remove 130
                       220
         150                        300  
  100            200          260         350
80   110                   250   270

remove 150
                       220
         200                        300  
  100                         260         350
80   110                   250   270

rotação à direita
                220
  100                       300  
80      200        260         350
     110        250   270

remove 200
            220
  100                300  
80   110        260       350
             250   270

remove 250
            220
  100                300  
80   110        260       350
                   270

remove 350
            220
  100                300  
80   110        260      
                   270

rotação dupla à direita
        220
  100         270  
80   110   260   300
